INDEX NOM1NVM QVAE IN COMMENTARIIS
ΕΤ FRAGMENTIS LEGVNTVR.

Acarnania 599, 19. 594, 3. 411181 599. 549,18. 559, 8. 554, 18.
4888383, 9495, 93, 498, 11481. 558, 11, 998, 93. 931, 19. 99. 839, 14.
488811584, 8 18. 599, 14. 18 18. 849, 99. 851, 8. 853, 99. 888, 493.

593, 7. 898, 7. 848, 1. 777, 9,5 889, 8. 95. 873, 94. 95. 874, 13. 575, 4.

Achaicus 555 18. 8,9. 19. 878, 9. 877, 9. 878, 5. 15, 17.
Auidius 819 8, 11. 891, 4..99 93. 883, 7. 889, 94. 893, 99. 894 ,.9899,

99.899,1.91,994,5.,19998,11,15. 18111,4.118,11.7’1118117918

838,9. 15. 778, 95. 779, 4. 9. 11. 781, 9. 788,
484111817399 18. 41118849. 4111881353
5124811181571,13,93.584,11.19.19.555,99.577,18.91. 411181884
481118 889,8. 15. 1819. 887,18. 481,17.588,13.

94. 799, 99. 4811111181 889, 94. 4118818818 498, 1, 411 ,91.438, 14.
4881188 Ruina 897, 99, 439,19,441,93.
4888811181 594,19. 45111 791,3.798, 1. 797,99,
Adiatunnus 394, 4. 11. Ahenobarbus. Vid. L. 1181811188.
4818881881 559, 1, 3. 888, 7.9. 875, 411118 dune 754, 99.

19. 878 ,98. 889, 18. 99. 887, 98. 898, 41111 ad 188881 Fucinum 591, 98.

14.17.95.899,9.15,11.789,39.713, 595,95.774,3. 4111811188 155,1. .

9.11. Α8188181181718,95. 411118175439.
48811881399,8.491,99.94. 4111181511, 93, 591, 91. 599, 5.93.
Aduatuci 994,3, 399,93. 397, 13. 537, 93 539, 94.

398,91,383,4.8.389,1.4.17. 379, Alesia 445, 18. 91. 95. 449, 99. 451,

99.389,99.399,18. 13. 18. 454, 97, 455,5. 457,1. 489,
481188181888,4.14. 489, 4. 58919.

Aeginium 895, 94. Alexandria 481, 3. 584, 95. 818, 93.
Aegyptus 584, 8. 585, 19. 819, 3. 99. 819, 3. 899, 9'. 13. 93. 891, 4. 14.
899,5.895,19.898,5.838,..819841,18.999,1918.99.993,1.11.894,9

33. 849, 17.31.858,13.894,19. 759, ins. 99919 898, 93. 839, 3. 99, 831,

99. 789, 93 181, 7. 19, 779, 18. 778,.8 19. 839, 11. 833, 93. 8391999, 841,

48111111758,8,11. 481111181585, 99. 33. 844, 39. 859, 9. 98999, 777,

14, 584, 17. 899 , 99, 893, 14. 897,97, 19.178,19.789,97.789,98.

831, 3 757 99. Alexandrinus 481 17. 899, i. 18 894,
L. 4818111118 989 4. 13. 1181. 895,19. 899,98. 897,15.
4818118581,1317,95.599,19.595, 99.898,9.19.839,4.831,13,839,.5

19. 4811111581 94. 834, 9. 19. 31. 835, 9. 14. 97. 838, 1. 8.
1..41118181513.514,18.19 515, 837, 9. 98. 838, 5, 839 ,[1.]39. 848, 8.

518,9-9.518,99.519,7.1939599, 1819. 95. 841,9.8.14. 843,1. 844,

18. 99. 593, 17. 93, 594, 99. 595, 18. 97. 778,9.41811881881789,97,

598, 13. 591, 99. 99. 598 ,91 599, 3, 4111811188 589 19. 97.

14. 93. 539, 1. 7..94 534, 8. 19. 538, 4118888885, 91. 978, 13.883,4.

19, 545, 97, 548, 1. 4. 14. 897, 98. 819, 887, 97, 779,7,

94. 791, 98. 718, 4. 8. 19, 41111811- 41,.1811183819591 3. 4. 981, 17. 999,

una518, 11. 51149. 5. 599, 98. nm. 3984, 9. 19. 971, 99. 95. 9849311,

94. 598, 15. 531, i. 533, 99. 799, 8. 3. 314, 18. 443, 4..8 18. 594,.9 595,

VidLigariua.18·8ii8,18.808,2ii.

 

