musto w

84044454104301, 7. 374, 14. 378, l. ll. 284, 7. 280, 13. 200, e. 333, 3. 388,
8404044750, 27. t‘td. 004404, 4. 0. 47. 444, 3. 445, 44. 400,0. 450,
8044404444 2014ς 84044044202,7, 20. Sequanos eget· 273 20.

84040044 317, 40. 450 7 Senupiuu 074, 24.

Sardinia 000, 7. 0. 14. 24. 508, 10. 0. Sertorius ³24 23. 523, 28 (4440

008 22 077771787812 84404 nonme..) 750,8.

740, 24. 84404144 705, 0.

8444040705 7. 21. Ρ. Seruilius 0444447702.
C. Snsernn 0000. 0807. 004, 27. P. Seruilius filins 502, Plus. 074,

sust. 22. 27. 780, 24.

Ρ. 8044440 00015. 8444404 Glauconnesos.
8440404004 40022. 8444404 772, 20. 783, 3.

80444. Vsu. Decidius. Ρ. Sestius 043, 0.

844404 501, 28. 0. 8444404 053, 7.

8444044300, 20, 'l. Sextius38l ,244474 434, 4. 435,.0
Senp 044. Vt’o. 400404. 400, 3. 408, 0. 770, 23.

844044403, 40. 404, 3 48. 405, 0. 43. P. Sentius Baculus 305 13. 343, 48.

400, 13. 24. 004, 18. 470, 28. 584, 2..5 403, 4. 11.

582, 4.·-14 20. 583, 58. 10, 23. 27. 8414004444 320 21.

503, 7. 45. 22. 004, 22. 27. 28. 0057. 8444144500, tt'. 500, 7-24. 5380.

000, 844. 30. 007, 5,.824. 27. 040, 549, 18. 550,5. 553, 74. 554, 18, 550,

23. 011, 22. 005, 12. 007, 0. 0. 0504. 21. 058, 10. 501, 21. 502,.4 50010.

5.,074 25. 070, 27. 077, 20, 078, 1. 20. 5800. 410, 18. 040, 20. 005, 21. 008,

040, 25 080, 14. 081, 20, 082, 4. 083, 25. 075, 3. 070, 5. 077, 7. 078, 12 08,7,

13. 27. 58l‚7. 11. 085, 0. 14. 080, ll 27. 080, 21. 002, 30. 003, t0.' 008, 12.

13,.,2428087,..2825.,...08871417 77020.

080, 3. 000, 5- 20. 001, 20. 27. 002, 8444144044 004040 054 10.

14. 25. 27. 004, 25. 28. 005, 8-15. 20. 8444444514 0 518, 21 523, 22. 524,

020, 2524 007240087701 8- 513 10 5341

25. 703, 1. 705, 3, 7. 22. 23. 700, 1. 14. 41. 8410004381 ,24·οβ

15. 20. 707, 24 30. 708, 3. 15. 710, to. 'l'. 841404 314 2,.8

30. 744, 20. 712, 14. 713, 7. 22. 710, 8414. Vin. 44ὶο04404.

12. 10. 777, 20. Sipontum 771, 7.

8444040404 Lubu 507 17-24. 505, P. 8444404 07718, 08010. 0000.

40. 571, 12, 24. tu. 572, 20. 575, 24. 715, 21 710, 1. 14.

570, 12. 20. 011, 22, 010, 7, 8443030.

Secundus. Vin. Plinius. 8404444144 323 8. 0. 14, 10,
84004104 4501. 844444 731,5.733,12.

Seduni 341, 2, 342, 0. 314, 20, Spinther. Vnt. Lentulus.

8400444 288, 7. Squillus. Vin. Licinius.

Segni 308, 24. L. 8444444404 50015.

8404044444 350 22, 8444404 llnncus 571 14. 23.
Segouux 300 0. Strabo. Vct. Consus.

Segouiu 054, tt. 8044440044202, 0 203, stetu, 1. 8,
Segusiuun 20118 (oid. 0004440), 15.404,13.17.770,10.

443, 2. 450,.3 80404277, 11. 14288, 7. 200,1. 328,
04. Sempronius 0044104450, 20. 4. 7. 320, 23. 330, 5. 0. 332, 4. 42. 330,
Senones 201 13, 378, 18. 572, 21. 10. 338, 40. 14. 10. 380, 21. 23. 24 387,

380 5. 582 22 383, 3. 5021. 405 22 7.8. 13. 15 307,.3 8040428011.

400, 1. 408, ll. 411, 23. 425,.2438, 12. 8000044033ομ0 338, 1. 4. 10 404 8.

430, 4. 450, 0. 0. Sulcitani 717, 0.

[84014404 004 ,.0] L. 8014420814. 4001220. 407,
L. Se 0004404010, 7. 0. 11. 44. 004, 22. 750, 0. 774, 12.
800οἩ042555. 43017, 21, 430, l. 0. 80110 Functus 400, 10. 24. 712, 11.
Se quuni25ll‚ 4. 10. 257, 13. 258, 23. 710, 3. 0. 11). 11.

200510-24. 201,1,4..10 202,.8 Ρ.,...80114500102428011,0.1010,.

200,20.273,0,18.20.20,274,10.21. Sulmonenses 502, 10. 23

44. enon. tt. 44. 444,44.,444,44 444, n. 440444403444 ,44.4404.

 

