INDEX

1151511 119, 5. 8. 9. 118 , 9. 18. 517, 15155155 597,17.

11. nana 791, 9. 775, 18. 779, 17. 897,
85555115 895, 8. 77. 819, 11. 15. 811, 1. 818 2²56!- 881,
115555155 518 7. 518, 18. 795, 18. 79. 887, 8. 189, 7. 1878117199, 18.

= 78575.119,5.187,1.188,11.118,19.199,8.

Hercynia 51155 891, 75. 895, 9 19. 197, 11.1.7 79. 191, 7. 195, 18 197,

Herminius 55555 958, 11. 5198 79. 78 199, 8. 566, 19. 71. 598,

11155555 8557 7. 599, 8. 17. 517, 7 518, 79. 579, 78.

8155555578, 6. 571,7..8 1578. 575, 515, 19. 518, 78. 819, 17. 551, 17. 17.
77. 578, 79 577 8.7.9 579,1..7858,7 185557158781515811155571,

Hiempsal 89177. 598,19.11. 59919. 579118. 578, 5.

11155551557581.19. 15. 7979. 575, 877. 579, 1. 1. 581, 18. 589, 7.

Hippo 555155 718, 11. 598,19. 997, 1. 59119. 79. 995, 1. 997,

111555571875511155. 17. 819, 8. 857, 18. 999, 8. 881, 7..77

Α. 11151155 788. 787. 788, 1. 7. 78. 8781. 898,8. 17 798, 71. 717 ,8151

11155 5115518, 8. 517 75 958 78 851, 718, 9. 778, 9. 11. 751 79 757 79 758,
11. 788, 11. 788 17 79 789 1. 719 77 7775917789,11.75.777,18.15.
711,18.717,7.77,81.18155555891.181,11.

1115 5515 758 9. 819, 8. 858, 9. 898, 1151155 517, 79. 11511555515957,
1.,1181 .,5891.518,8.8..,.755111 7.,.9919787,.8
579, 89. 585, 8. 589, 7. 17. 587, 1. 5. 111. 1185155797, 17.

’ 55171. 558,1.1 558, 71. 581, 1. 588, 111555 ortus 819 78. 851, 15.

511. 58159. 997, 79. 859, 1. 851, 77. 1155551871, 78.

859, 81. 899, 77. 718, 5. 18. 718, 18. 1555195, 78. 559, 78. 551, 7. 558, 5.

757,9.111555515519918599μ1 71. 559, 79. 591, 71. 597,7. 851, 18.

5858. 518, 79. 555, 71. 598, 11. 897, 897, 71. 87,7 11. 19. 79. [889 19.]981,

7. Hispanam 19. 5187. 559,88. 78. 88775 899,..115997, 1178891,

575,16.6p56,36.676‚17.685,23. 598958-15.999,5.798,78.791,

1115511555 55555155 919, 71. 79. 788, 7. 711, 7. 19. 715, 77. 718, 7.
1115155515 51155155 871,78. 581, 75. 71. 717, 7. 5. 778, 79.

518, 18. [77.] 519, 5. 518, 11. 518, 78. 15115 551115 85555515 759,18. 19.

89. 518,78. 855, 17. 957, 5. 788,71. 15115 155 591, 1. 711 , 78.
11155551551155155518,15. [78.] 515, 15115555 971, 75. 889, 7. 78. 787, 18.

,18. 518, 81. 889,1. 957,78. 7157151. 788,78.787,1.718,17.

777, 11. 71. 757,18. 797, 79781, 17. 15111 759, 71.

Hortensius 7857. 7. 11. 155555 751, 8.

Q. 155155 397, 79. 891, 7.

15551551 578, 8. 155155 779,17.

1511551151 81975. 1.. 155155 Paciaecus 719,11.

155155 1151555797, 7. 795, 187951. 1555 759,11.

1555185977. 15551155891,19.19.

151115551818. 15555555759, 18. 798, 71 788, 1.

1555155199, 78. 589,.1 1555151
198,77. Q. Labenus Durus 857,17.

115555 51879. 515,.8 518,1. 517, ’1.15515555791, 9.798,.815-77.
59518 88. 519, 11. 571, 18 577, 77. 799 ,8.8157798, 19. 898, 8. 817, 8.
571,15. 877, 19. 579, 8. 581, 8. 11. 815, 81778 818,.7 858,.7 85179 88979.
38. 881, 18. 858, 71. 898, 78. 871, 919.

1115555555555555788. 1115555· 877 ,.71 75. 77. 889, 8.9..18 881, 1.
55555515 cohors 57517. 881,5.18.77.78. 88581889. 899,

1115515555 81911. 811,79. 819,.9 15.71.175,8.188,1.17.78189,19.
587,.1 991, 78. 918, 17. 89. 917, 1. 5. 19. 111, 71. 18. 78. 157, 71. 158, 19.
75 818, 9. 778, 18. 19. 787, 7. 77.1.,.597518119 171,18.,1759.179,

1555 77811. 1,189,15.191,9.19.17.581, 19579,

158555155555 859 19.18.77. 851, 5. 9. 578, 75. 571, 1. 891, 7. 899, 78. 879,
717897 19. 87778 879,.919 889, 77.971,78.877,1-11. 978, 78. 871,
171579718818888711. 889,.1 [8.]8 77 875 17. 877, 1. 889, 8. 987,

lm 597 8. 919, 71. 78. 985, 15. 78989, 7. 5. 891, 1. m.

955555, od. 11155551. ’51

 

