INDEX 66

ouummumwmumo
mmuummummuu
mmmmmmuwmum
wuwmuumwmmm
666666166666.
6η6666ωω6η6
1.6161236916116611.661116,

ll. Piso 256,12.276,15.

Co. Piso 666,6. 672, 23, “
Piso 1166111661 331,16,
6166611116 666, 21. 767, 21.

(l. Plaetorius 613, 6.
Plaetorius llusllouus 716,1’1.
Plancus. 211, Munatius.
Plsutus 765, 21.

121661116κί1 366, ll.

7116161616661161756,7. 162625.

12161111636116756111, u
ll. Plotius 511,3.

Pollio. 211, 11116161,
26661161751611.

Cn. Pompeius interpres 366,1.
Pompeius llulus 71625.

Q. Pompeius 1111117322.

61. Pomponius 6162622. Pon·

ponioous 61626,

1261661561, 5. 16. 613, 7. 21. 616, 6.

Cu. 1166161161 326,1.362,1,6,166, 6. 656, 26. 27. 656, 23. 666, 16. 661,
16.161,16222616215626163 16. 1126 66116 66611661631,
161611-3616515, 17166 7626. 3,.,6615 1321 36, 616,,7

ummmuouumou
6.66666ῌω6,υ6
1161666616661161
666ω666ω1666
1661661666616666
6166166166666666
61Μ116611666666.16
uo,musu‚lousuuloluo‚u

66726566115262656626

6611611666161116722, 25,
Postumus. 211. Fuluius, 1161111161,
Pothinus 621, l. 621, 6.
Praeconinus. 211, valerius.
Probus 766, 27,

Probus 756, 1.3.

Procillus. 211, anorios.

Psiunii 326, 26.

Ptolemaeus ρ,6161·561 26. 616, 36.

21. 576, 5 11. 571, 36. 572, 3. 1. 16 626, 26 621 7.16 26 622, 18 6211 .
16, 573,1.3.,6 575,13, 576,1,,26 626,12612,,1

676, 26576, 3-21, 661, 5. 563, 11-

Ptolemaeus filius muo'os· 61616.

5662. 566 23 561, 6, 13. 562, 6. 17. 626 27

ssss.12.3’..14275'ss‚.8{suus-25.

566,17,567,26.26,566,7,162625.

56611, 6666161615. 663 7. 22.

111611111ιί1 616, 25,
Pulcher. 2116161161.

T. 36116372, 6. 11. 17. 373, 2. 6. 16,

31. 661, 6. 11. 16 26. 666 5 22. 666, 566, 1,

6612 6672 616, 611, 11. 612,.6
1126 613,1. 5.2Ι. 611, 13. 21. 615,
16116-616661666161111.

L. 7611161 5661626,
161111166611,
216661611611615761666661

622,26.626,6.7.616,26.617,1656, 1161111156,8;111161513,3.

1. 651, 16. 653, 11. 651, 23. 25. 655, 1.
611 666226.661,1,666,23,[716,
5.]767,16. 76616 776, 5, 773, 6, 26.

6611116161. 211. Volusenus.
Sex. 6616111161761615657, 552,

36.771,6,17-25.775,16,776,7.776, 7,11,

15. 26. 26. 766, 16. 762, 6. 6, 16.
Pomp 1111 lox 563, 6.

16. 21. 721, 6. ll. 15. 16, 722, 2. 16. 23.

6.66166161666.

31611161661161661666, 25. 676, 13.
611.116166116161161565,1,11,561, 776,7.

16, 675, 25. 676, 21. 21. 717 filos. l’ 1.. 1111611161 651,25.26, 652, 636,

1112716,16-16.716,3.5, 167263, 32.

Roucillus 561, lo. 665, 16.
1161166116 16616.

725,1.726, 5.11.21.727,2,12.15.16, 6161161256, 16, 272, 7 36612156,
726, 212 1623 726, mu. 7316 12,

732. 22, 25. 733, 13-25. 731, 6, 737,
2-12. 736, 23. 736, 16. 16. 25. 716, 1.
7,,15 2623, 712, 3, 713, l 766, 21.
Sos. 1261161161716,1.726,11.736,
21, 7362711623,
66166111 71611.

11651161.211.66616161.
3616611316,5.156,11,
1113662116161611.
11611661.211.Α61111161,111666161.
61361662111116166161.
1161111262, l 263, 5. 261, 6. 265, l.

366611161136121. 56613, 511,12. 7 6 16. 2665. 6. 267, 16. 266, 212.

 

