8⁰5 {Nunx

517,10.150,11,801,11.571,11.11.81111115. 111,1.1118,10.111,1.
171,1.1811.383,11188181111.115,.7 18111.117,11.101,11,111,
105,10. 111, 11. 100, l· 111, 1. 1017. 8501, 10. 511, 1. 501, ll. 11. 11011.
1811. 111,11,1118111818117111,1.

810155550511111.1118,111,31,150,1,100,1.0.051,

1111551155, 1151, 5,.,71715810 11. 111, 7 018, 17. 005, 0. 701, 5. 711,
171,11.11,118,10,171, 15. 175, 11.1..11 111, 11. 711, 8. 711, 17. 11. 11,
171, 0, 177, 11. 188, 5,7. 181, 8110, 718, 8, 1. 751, 10. 111, 10. Ciues
1.1.1,018,11.807,11,310,1’.811,0.185555ι10718.115,11.118,.1 180,
118,8.1.880,..11011111883118.1,,11511.500,11.111,11.517,511.
38101 888,l. 115, 10. 18. 115. 188, 518, 1111. 1811185111. 51811. 518,
11.150811.801,18.311115811118.180,18581,5.117118118811,
870, 18, 870, 10. 18. 1810. 30111. 1,,117 11. 111, 10. 11. 1518811105,
111,15101,1...0101011011118,5.718,11,711,10.7111171118.
111011,11111.155155105555ι3111.

10501551151581815818110,81115.101,30.107,10.110,7.18,
1.8.110,..113101μ10101ῌ30175113,,11.,10111.,5055,851Ι,1,,511
10,811,8.118,11.587,.5 100111111,1151181718187,

1805051118, 1011 ,uanum 10. 18 11111. 70111 11, 710, 21718,
111505 11018, 0111187110, 18.111,15.781,8.10.11. 711, 11. 788,
1815οι5511515.517,10.11.110,8, 11 115050115ι185ι5555510015ς
110,17.18Ι,11.11.181,1.137,10.ι5ι11110115555ι11711551055551

1855117111888, 1811111101 170, 5, 15οι Romam 775 5. 771, 88,
11.51110.11.518,11,108,1.51Ι,0.7811155505155855115571115ς
11.15.158,11.15,1711810111. 55085555511071
71111. 7111. 717, 10. 118, 3. 171, 8155151811,11.18.878,10.115,
81. 771, 85. 777, 18. 778, 81, 780, 11, 5,,118 11. 1018
781,11.718,.5 0550511111517. 1.. 8555515057
111, 1111, 111817111818185,115155. Vsa. 805055,11511155,51ιι5·
11188111011101111880111. 5151111555150,155551151151515151,
805, 5. 808, 108111881118810,1011151111511155.

11. 81Ι, 11. ,811, 8, 11815, 10. 18831, 18555 155108, 1. 110, 10. 11. 10. 170,
1, 88110. 811, 10. 811 ,11. 311, 11. 8171117 11001818088 80818
8115,8111,10.810,”5.871,11.871,11101870110.

18, 888, ll. 885, 11. 881, 0. l5. 101, 11. 1155115555. ’m Plaetorius.
105,1111181081181111111,1850518111101111 111, 5.
10.117,1.10.110,10171111111,1517.110,1.510,11.555515111115
1115, 1111717. 1,,1,1111881811 1111.
181103211111111111111110. 1850115115551501151111.
111,18.11,111,5.8.111,8 “l.l Rutilus. 1511155555855.
150,11,151,1Ι.158,10.18.1515.
1111150,15.111,1.1,1.105,17.110,15115511Ῐί10515155111155155,
10. 110, 0. 1111. 171, ll. 11 171, 11, 85015800, 10. 801, 10,
17115171011717.111117817 1505555 55810 550,1..113,11.
181181851.181,11.118,1.,,1180 510, 8111 501,7. 1111. 71110.
8. 110, 1. 087, 10. 751, 7. 80. 7581. 7111.
18111.155515518515551117Λ1, Μ. 1155511515100, 11,

150, 5. 110, 10. 101, 7, 11, 111, 11. 118, 8505151 50118.

0.11. 1811. 111, 18. 11111107, 5. Saguntini 11810.
17118.15118,17.10.171,811.175, ’1, 85015550711110118,

11. 15 171115.18-18.177,1.170, C. Sallustius crispus 11110. 181,
8.11.,181,10,181,1Ι.181,1, 17-11.15.188,1 71101.

181,8. 18 10- 15. 100 ,1515βὶ 111, 1511510511, l.l

8.,101 851011118100,18808,851551551118.507,5.0.151555
11. 801, 5. 815, 7. 815, 1. 881, 18181, 1111510,

118. 11. 18. 811, 11, 310,1.1. 150, Salsum flumen 11Ι,10.18.711,18,
1180111818, 11. 801,0.11.170, 711,11.715,1.711,11.150,0.

17. 11. 171, 88 881, 11. 885, 1. 101, Saluianus. 11.ιί Calpurnius.

 

