Μ INDEX

777, 7777. 777, 77. 777, 7. 7. 777, 77. 777,7. 7777. 777, 7777.
7777777777. 77777. 777, 7. suasa 777, 7. 777, ao. 777, 77. 777, 77. 777,
”iililliolll'i 13’77777777777777

11677177317,17.310,13.110,23. Cantabri 376,16.113,17.
118, 7. 512, 26. 521,26. 28. 131112. Cantium 356,3. 10. 360, 7.
28. 530,28. 30. 510, 1. 510, 8. 788, 13. L. Canuleius 586, 8.

11. Brutus 717,10.21. 718,10.22. Canusium 505, 22.

710, 27. 753, 5.,763,3.775,6. 783, 20. Capitolium 107,1.

787,2.12. Cappadocia 561, 22. 612, 20. 27.
1171117 181, 1. Bullidenses 160, 613, 10-28. 616, 3. 650, 11. 13.

32. Cappadoces 610,16.

Buthrotum 171,23. Capua 100, 8. 500,30. 31. 101, 1.

575,7.0.600,22.770,10.

Cabillonum 130, 6. 160, 5. Carales 717, 8. 12. Caralitaui

Cauaras. Vid. Valerios. 500,11.

Cadurci 108, 18. 113,6. 170, 17. 0. Carbo 710,11.

180, 11. Eleutheri 110, 5. Carfulenus 611, 5.

Τ. Caecilius 518, 3. Carmo 611, 5. Carnona 657, 27.
Caecilius Niger 738, 10. Carmonenses 117, 10.

Caecina 713, 16. Carnutes 310 , 13. 361 ,26. 362,8.
Caepio 761,11. 361, 21. 370,21. 380, 6. 382,22. 383,
Cannuesi 201, 1. 3.17.380,10. 105,22.107,0. 15. 17.
Caesar Strabo 718, 7. 710, 20. 112, 2. 150, 7. 113,0-25. 170, 2. 7.
Caesarposu'm. Caesarianus 11.182,1.187,10.

815, 0. 668,10. 670, 30. 671,11.15. Carruca 733,10.

677 , 3. 670,11. 302,11. 603, 2. 700, Carteia 737, to. 730, 23. Car·

33. 737,26. teiausss 738, 23. 730, 11.

0. Caesaraugustus 752,3. 0. 715, Caruilius 360, 8.

10. 783, 26. 787, 30. Casilinum 575, 6.
L. Caesar 113,12. 0771777777,17.
L· Caesar adulescens 108, 1. 510, 07771 31022.

21. 5501. 112, 26. 31. 713, 13. Cassiano 1777777 732,17.

Ssx. 077777118, 2. 650, 1. 07771771177777355, 10.358,17. 27.
Calagurritani 523, 6. 350,11. 17. 21. 360, 6. 13. 20.
Calenus. Vid. F alius. 1.. Cassius 250, 2l.262, 20. 263,2.
Caleti 201, 2150, 11 (0717177). Cassianus 263,7.

115, 3. 0. Cassius 515,15. 616,17.21.31.
81. Calidius 10101316. 617,10. 15.787,2.13. Cassianus
Callippus 758, 0. 762, 11. 617, 0.

Calpurnius Saluianus 652, 7. 653, L. Cassius Longinus 581, 11. 25.

2· 77 582, 7'25. 1102712715.

Caluinus. Vid. 0707711177. 0.0777177077717777101,20517, 1.
0. Caluisius Sabinus 181,16. 23. 518, 17. 150,1-657, 20. 712, 20.

302. 13. 15. Cassiani 656,10.

³ C. Caluus 718, tasi. 710,16. 778, Q. Cassius legatus 651, 30. 613, 28.
5.781,2. 65110.

Calydon 581,21. 07711777 257, 12.

Calypso 756,11. Castor Tarcondarius 565, 2.

Camerinum 501,21. Castulonensis salurnitana
Campanis 501,6. Catamantaloedis 61177257,12.
Camulogenus Aulercos 138, 18. 110, Cato 756, 0.

1.111,12.18. 11. 0717 101,0. 100,10. 11. 510,11.
07767717 560,3. 605, 5. 0. 671,25. 681,8. 711 ,27. 712, 8.13.
Cangi 350, 22. 713,17.711,10. 762, 23. 763, 6-18.
C. Caninius aestimandis. 160, 1. 761, 1. 0. 12. 31. 765, 1. 12. 11. 770,

175, 8.176,1.13. 18. 177,1.178,21. 0. 12. 771 ,5. 6. 21. 28. 777 , 12. 780,

170,11. 23.180,15. 25. 181, 2. 21. 10. 786, 08. 10. 113,

 

