802 INDEX

21. 22. 002, 11 23 107, 18 700 10..11 1000000001021.01.280,10. 102,
22 21 7011 20. 702, 111. 701, 8.11.1.11 21. 101211111.1.112,13111,1.1181
10.707,·2.7282.,73010.711,11.11.7.,780120.

10010010000080,1. 1100100201,11.20.211,21
10001000001111,10. 110000177,117.178,1 0. 21. 170, 2.
1100111717,1. 181, 0. 7. 1811, 10. 101121.

Il. Laelius 101,11. 101,1. 181,1. 1111001000 12021. 127,12.11.20.
111,1. 12. 10011000ιο 011, 0. 27. 128, 18. 120, 1.8.10.27.100,11.

1000010770,10.780,2.711,8. 110,0.117,0.111,12.

Larinates 501, 20. Liuineius Regulus 713, 12.

Lenis· 000,12. 111,20. 111,1.21. Longinus. Vsu. 0000100.
1001000100030. Longus. rid. Geuslliss.

L. Lelerensis 112,11.10.10.32. Luceni 100,10.

1011000103, 17. 717,0.13. 711,20. Q. Lucenlus 107, 20.

710, 10. Lullue 717, 3. 713, 3. Lelius L. Lucceius 172, 20.

703, 21. Luserit 101, 22.
1010οτ101 218, 10. 271, 18. 272, 0. Lucilius 1110000 101,22. 117, 10.
Lemannus 10000211,10.200,1.011, Q. 100001100102,20.21.

3. Lueretius Vespillo 100, 1.
0000001000 100, 18. 110,8.11. 110, Lucterius 00000000 100, 1. 21. 110,

2.187,11. 7. 17810.170,11.18.181,1.10.18.
· Lennium 71810. 21.181,2.182,11.181,8.
1..1.0010100100,11.101,1.101,11. Lucullus 711,10.

11.101,10.100,7. 100,23.501,1.111, 1000010010 101, 12.

11.011,11.018,7.010,12.100,0.770,· Luna 101, 7.

12 ’ Lupus. Vid. llulilius.

Ρ. Lentulus 10100100101,11.102, Lusitania 113,12.11. 11. 010,13.
1. 111, 11. 18. 311. 101μο 0017,21.20. 011,13.738,1718. 0000001110,
018,8. 17. 110, 1. 727, 10. 708, 20. 21. 700,1.

110010100110000111000100,1.1071 710,1.1711,1.10.17.
1810100110001021010010.

Lepidus 7107. 10010110 3811118 11. 110, 2. 7. 8.

01001000018, 21. 011, 17. 017, 1 10.

-20.018, 2. Lycius 001, 3.

Lepontii 333, 2. 1000000001010, 10.

Lep tullii, 18.

Lep lis 111010001οο 013, 20

10011110 Afieeus 008 7. 000, 0. 17. Macedouis 101, 13. 21. 100, 3. 181,
08011. 008,2..2221.100, 17100, 20 8.2.0 582,..2010. 181,.131011,.,8001
0001010001 518, 25. 717, 1. 1. 017,21. 010, 30. 01713. 777,120.7781

110000130011. 10211. Macedones 111,7.

Leuci 28011. 11000100010 2710. ’
2 1000001310,10.317,17.321,8.327, 26ll. 110010ιο 100,1.107,11. 77110.

Libemlin 730, 8. 1101000 018, 1.

Libo. 112 8011000100. 11010100 02103101.

11000000107,1. 1100001000111, L. 11011000 8213
10.11001010011111.117,10.111,22,
¹⁷Licinius Damasippus 102,11.711,11000000001001 1101211010. 100,

710 12. 20.

L. Licinius Squillus 012, 3. 013,1. Manilius ’10000100 012, 7.

011000100713, 10. L. 110011001000 00100101, 21. 100,

P. Liburnus Afranianus 000 22. 7. 710. 12.

ι1000311,21.100,0.112,.8 10107, Marcellinus. 1201100101οι.

118 22. 138, 0130, 13.177,.2 Μ. 1100001100 (eene u. 11) 10121.
11101000001001, 220. 08110 081, 27.101,1.11.

21. 0.100001100(00000010)180,11.
10010170,810.10.102,18.

 

