lNBBX 195

Asparagium 57120. 58111. 003, 0. 291, 11. 2911113. 29123. 390,
19. 23. 3. 0. 15. 301 , 1. 302,1. 31111317,
Aspauia 1311. 1111318,0.30111.101,10.182,3.

Asprenas 708, 8. 723, 12. 19115.

Assyria 100, 8. 18. 101, 1122. Belgium 35117. 30111011. 18.

Asta 139, 7. 151555573120. 189, 11. 192, 11.

Ategua 721 , 7. 10. 20. 21. 72122. 9511555 059, 13.

129, 1121. 7311. Bellouaci 293, 8. 291, 12. 298, 8.
115555515001,20. 2911121390,137111311120.
Atbenas 501, 5. 1518. 10. 100, 2. 101, 9. 2121105,
Q. Atius Varus 1111058117. 1. 101511115111170,111718.
Atrebates 291, 1. 390 ,21 (Atreba- 13. 1111122. 21.28.171,8.182,2.

tis). 3017. 33123. 371, 8. 15111. 9555555 0511.

101118120. Bessi 505, 0.

Q. Atrius 351, 3. 19. Bibracte Haeduorum 209, 1. 1. 137,

P. Atrius 7012271110. 0. 11112, 10. 109, 7. 102, 1103, 7.

’ Attica 759, 19.23. 1517. Bibrax lismoi-uns 29110.

Ρ. Attius Vurus 509, 7. 9. 11. 10. Bibroci 35122.

555, su. 5511555. 555, trus. 551, rt. ninutas 555, tr. 5515115.

2128. 55110. 115511. 5518. 13. 51123. 27. 571, 112128. 57123.

19. 557, 3. 5. 9. 23. 558, 1. 501 ,21. 5811. 02119.

502, 5. 8. 588, 1. 0. 098, l 121. 0918. bigerriuues 32129.

21. 1912. 113, 22. 733, 13. 130, 11. Bithynia 5015. 058, 21001, 9.

Attianus 50129. 550, 21. Bitb nius 059, 10. Bithyni 751,
Attius Pelignus 50121--21 1. 19.

Auaricum 113, 11. 111,11.21.20. Bituriges 20115. 109, 5-10.110,
115, 20. 122,19. 23. 123 ,5. tuit. 20.111,8.112,10.19.113,11.13.
133, 1113115. 58111. Asari- 11110. 10.118,1.122,11159,1.
555515 13111. 109, 3. 1019. 1121. 28. 1018. 108,

Augustus. Vtut. C. 055155. 5. 17121.

C. Auienus 093, 8. 17. 91550555 101, 22.

Aulerci 310, 5. 32123. 10118. tut, Blesamius 71125.

2. 955555515551511055555551150, 9555555 07118.

10. 9555551555 stt, 1. 150, 12. 95055355155 301, 11.

L. Aurunculeius Cntta 298, 18. 310, boeotia 5011175119.

22. 318, 3. 30129. 30115-30119. 95350 055, 10. 050, 28. 057, 2. 010,

37115. 399, 9. 102, 20. 17.

Ausci 32121. 95925120. 219, 3. 21120. 2717.

Ausetani 523, 8. 1119. 11211111. 1115112.

Auximum 509, 0. 1501150120. [951511121]

Auximates 500, 21. Bosporus 001, 15.
15555291129112. Brannouiees. 1511515551.

Brunnuuli 159,1.

9555515 51155 381, 12. Bratuspantium 29118.

9555155. Vtut. Sentius. 959555129111. 29130. 3111,

A. Baebius 13119. 31121. 3312133110. 31111311,

Baetis 055, 15. 27. 050, 1. 729, 15. 0. 313, 15. 2129. 311, 2127. 317, 13,
739. ⁵· 21. 318, 7. 350, Ι. 352, 13. 35111. 20.

9505051315. trinitatatem.tramittit,

9555505 5518. 55111551213. 2. 5212110117015. 11. 19.

Balbus. Vid. Cornelius. Britanni 339, 19. 3519. 11. 350, 22.
6⁷{inlesam funditores 290, 5. insulas 3517209. 7 9595551555 351, 1. 758,

Τ. 9515551155 307, 21. Brundisium 59122. 500, 8. 12. 10.

9551155. Via. Minucius. 17. 501, 30. 509, 0. 5011825. 505,

¹ Bataui 332, 23. 19. 50113. 51110. 515, 25. 510, 0.

Belgas 2512. 1. 1250, 1. 5. 2913 19. 21. 22. 511, 1. 019, 9. 010, 0. 9.

inf. 291 , 13. 18. 292, 1. 1. 7. 11. 223, 017, 21. 818, 8. 011 310713. tlt, 7.Ι

 

