Μ monn

539, 2. 919, 19. 999, 19. Sulpiciu- 799991999129. 7999999111, 9.
99991991. 799991 57919. Tbnrrnun 975,

999. 9991999199 (eous 9. 51) 77121. 9· 79991999 eger 555, 19.

999. 991919199 592,11. 1.. Tiburtius 5713

99999 fluet-ns 585 18. 1.. Trordu 987 28. 982 9

Syrio 555 ,22. 129, 21. 991, 9. 7. 15. Tigurini 293,1. Tigurinus pegus
29. 995,.1 589,1.591,1.919,11.29. 262,18.

919, 23. 922, 8. 921. 5r'ns. 555, 13938, Ω. Tillius 5898.

9.8.,912 55. 555. 2. 911, 39958, 13. 91. Tiro 99325.

21.959,9.778, 12. Syri 91918. L. 71999953, 25. 7191199979, 17 3
971,21. Syriacus 595, turritas. iunior Titios 555, 27,

Ω. 711991999991999225,7.297,15.
7999919355,11.358,17. 18. 317,15.321,3.72.19.28.322,2.
79999111 32929. 122122.319,27.319,2.391,19392,
Tarcondarius 595,2. 19. 25. 393,29. 391,17. 395,19.22.
Turonium 771,7. 399,9.398,3.12.392,11.379,12.15.
799999199 51191. 371,19. 377,15. 379,1.382, 11. 399,
7999999529, 8. 531, 12. 518, 1222. 9.192,29.

77925. 7999999999999523,9. 7919993299. 791999199291,9.

799999 9998. 11193.

7991199199 321, 19. 329, 29. Torqnuius. V id. 91997199.

Ι.. 79991199 757, 19. Trniies 929,1.

Tasgetius 392, tt. 391,21. Transalpinos 199, 1 ius. 199, 29.

799919 919, 18. 21. Trouspuduuns 91911.

7999919539,25. Trunsrbenuni 935,17.391,1.

Turimognios 555, 5. Tronsrbeuunus 3599.

Tentosoges. Viri. Voioue. Trebntins 797, 15.758,1.

Tegeo 79915. .t. Trebeiiins 73219.

Tencteri 929, 2. 339, 9. 999, 8. 339 55. Trebius Guitos 315, 1. 12.
9379,71.191,11.0 Trebonius ,eques Romsnnr 555,

Terentius 731, 2. 39.

55. Terentius Vnrro555 5. 55. 915, C. Trebonius 3588 555, 55. 329,
18.517,7..111321.,28.5183..1218.1721111271951819171981
19. 951, 29. 791, 25. 759,1. 777, 17. 199, 55. 187,7. 192, 13. 512 ,27. 537,
21 781,27. 1. 55. 555, 3. 519, 23. 28. 555, 58. 571,

7999991191 175, 13. 7. 11. 29. 957, 28'. 953 2 722, 9. 723,

T. Terrasidius 555, 29. 315, 12. 7. 779, 22. 29.

799 onrntns 123 iti. 132, 15. 7999991277, 7. 19. 391, 29. 317,.8

7991991275, 17. 273,.15 293, 1. 397, 331, 19. 333,1. 35111 1319. 351 ,3
21.153,2(’1“99199991) 8. 391, 19. 371, 29. 375, 1. 377, 29. 29.

Tbobenn 799, 9. 79999999999 379, t. 389, 21. 392, 19. 23. 383, 3 21.
7992. 381,1..519.17.3119,.-39 13. 317,

Tbnp sos 575, 55. 588, 5. 585, 55. 55. 558, 25. 195, 29. 112, 13. 11. 179,
993,2.999,19.791,1.9720277118,1.189,15.19.191,5.
3.19.7·,191.711,5.19. 7139. 79199199 orm-55.
7999111991797,29.39.719,21. C. Trinrins 55515. 912, 9.

799999 592, 58. 79199999 28899791999999993339.

Tbeop bones 972, 29. Trinobantes 259, 7121. arom.

Tbeniionrpns 772, 29. 783,1. Tubero 555, 55. 29. 919, 5.

Tberornones 793, 29 Tubero 555, 5.

Tberrnus 555, 29. 599, 2. 7911951258, 18. 279, 3. 271, 18. 272,

799999119 591,19.595,19.581,13. 9.

19. 25. 582, 8-111. 995, 25 19. 999, 5. 91. 7911199 Cicero 717, 21. 719, 19.
13. 29. otim. 919, 15. 917, testor. 17. 23. 759,1. 793, 2. utu. 799, 12.
922, 23. Tbessoli5ti5,5. 799, 11. 779, 1. 55. 555, 8..21 773, 29.

7919199981, 12. 795, 29. 71,1 17. 783, 23. 781, 75. 17. 55. 787, 7. 15.

715,11. 791999119917179 Ω. 7911191919999397, 12. 393, 21.

T. 7999199991, 9. 29 999, 1. 399, 9. 13. 22. 379, 7. 55 1729373,

 

