m INDEX

1111151115113.111511111, 551131111311,1111113115. ’
11. 151 , 5. 11111. 11111. 11111. 37113. 371, 13. 381, 15. 1113. 381,
111,18.[171,17.]171, 11. 181,11. 111. 3811- 11.385,1.11.388,3. 313,
711, 11. 111155511121. 17111. 3. 311, 11. 315, 5. 317, 5. 31115. 311,
317,11311,13311331133115. 1111113.112,13.111,13.1111.
35111. 35111. 371, 11. 371, 1. 385, 1111. 111,11. 11111. 115, 5. 115,
5. 11111. 133, 11131155113. 511 15.11.117,3.15117.111115113.
1175111. 1113. 151, 1. 173,17.171.3.181,1.

GalliaomuioaCoosaropooaioprar· 11. 18. 18115. 5311. 55115. 511,
151Α1111555511311, 8. 311, 18. 11. 15. 111, 1. 1711118115811. 17.
31111. 18111. 1511111515 331, 3.

151111 Celtarum 155, 5. 111 , 1. 3. 15111111 551, 1.

1. 1. 111, 1. 11111155, 3.1. 11151, 1555111115 1111.
1.111.15.111,1.13.111, 1111111. 15115111111. 1511151511111,
11111. 151115151811. 1118.

Gallia ulterior 51115111515 1511. 1511551111 1111.
15111511115111.11111111. 1115511 11111.
13151111.111,5.5.11.15.18.151, 1155515 51111511111118.
1111111117115.1711111171, 11555111111. 551, 1. 57111. 517,
11. 18115. 181,18.317,·11.311,11. 11111, 17. 13115. 781, 1. 1155515
311,15.313,7.1111,11.18.1111138, 1151151711.310,11.375,8.773,11.
1. 1111. 11. 1111. 7. 15115. 187, 115551 71111111555 75111.
1151111. 5111. Graioceli 11113.

15111511151151111, 11151, 11111, Α. 111111511111.
7.15·1]’.111,11.311,11117111111, 11151131111.

11. 11111. 751,11.115111111 381, 3. 1111551115 181, 1. 13.
151111175,11.111,3.5.711,18.781,
11. Hadriaticum 11115 511, 18.

11111 55 Gallograecia 51111. 1155111111,1.11.11.111,1.8.111,

111111115515555, 3. 551, 11. 111, 8. 1. 1. 11. 115 , 3. 1. 11. 17. 151 , 117.
Gallograeci 511, 11. 117, 1. 111, 1. 171,11.173,7.13.11.

1. Gallonius 511111517, 1111. 111711. 17111-11. 177,3. 7. 8.
11. 181, 1111. 181, 3. 181, 1. 1. 7. 185,

Gallus. Vir. ’715515171155111 11111,111111111,111111311,

151155151111,15. 1115. 131, 8. 1. 1. 5. 351,1.3.11.353,5. 3711383,
135, 11. 111, 5. 111111. 3811-13. 111,5.7.11.

Garumna 1511151111. 111. 3-18. 1117. 11. 11111. 111,

Garumoi 31111. 11. 1111. 117, 1. 5. 111. 17. 118, 8.

’ 11155 31111. 11. 111, 1. 8. 1111. 13111. 131, 8.

15151111 351, 11. 131, 11. 135 , 5. 11. 11. 15. 137, 1. 7.

151551111118.111111111. 131,11.15.111,15.111,3.7.11.113,
7. 11115. 11111. 11111. 11111. 111111. 151, 3. 151111. 151, 11.
111, 8. 1515551555 111, 1. 1115. 111, 1. 151, 1. 181, 11187, 8.

1511115111115. 111, 1115. Haedua 5111155 111,

1511515113.11.18. 1135117.

Gergouia 118, 11. 1111. 11. 111, Haedui Ambarri. Viri. Ambarri.
1111111.1111111111511131, 11111155173,31.177,8.188,5.
13.131,11.131,11111,11. 115155115155581,17.

Germania 331, 11. 35111. 38117. Heluetii 155, 10. 151, 5. 11 -11
31115. 3111131111. 11111175, 151111511.11.11.151,1.3.1.15.
1. 11117. 111, 3. 15115111511. 1115111111111,11111151,
11. 151, 18. 171, 11. 111711. 17. 33. 7. 11. 11.113,3-11.11 111, 1118.
31. 171, 11. 11175, 11. 13. 177, ’5. 11. 1518. 11115, 111111. 31158,
1717.181111.18111181318. 111115.111711171111118.
18111315. 181117. 111, 1111, 13. 11. 171, 1. 1111111. 171, 1.
111. 111, 1. 31111311113111. 17111. 181, 17. 333, 3. 315, 11151,
7. 311, 11. 331, 1. 11. 11331 , 13-11 1. 78131. Heluetios 151, 11111,
335, 1. 1111. 33111111. 33111. 18.11.11515511515111,11.

 

