INDEX 301

21.371,3.375,5.7.15.11.375,2.371, Verbigenus 1111112710.

312. 11. 22. 300,11. 101,25.150.5. Venossslnellnunus 11111111 151 ,

751,1.150,15.22.773,11.785,17. 10.155,18.157,15.150,2.
'l'nllins 1111111111. Vercingetorix 108, 5. 110,15. 21.
Ti. Tullius 125, 22727, 5. 7. 111,8.112,17.25.113,15.111,21.22.
Tullus. Vin. Volcatius. 115,25.115,23.117,27.118,1.120,

Turbo 155,5. 17. 10. 121,21.123, 1. 121, 11125, 5.
Turones 310, 13 3 Turonos 108, 18; 11. 22. 125. 3. 131, 12. 135,8. 130, 2.

Ι1111111150,8.187,0. 137,0.112,7.12.20.111,0.115,1.15.
Tus-pio. Vs'd. Antistius. 117,2.1. 110,21.151, theonistus,
Τ1111758,2. 3.10.157,1.150,12. 18.
Τ1111111111 780, 28. 781, 1. 22. C. Vergilianum, 10. 21. 25. 038, 2.
71111111. Vid. Manilius. 707, 21. 25. 71 l, 8. 0. 715, 17.
Τ11111111 011111 500, 20. 0111111111201,2.3011,21301, 13.

Vestino 373, 20. 375, 21.
“ 0111111 sumt. 011111111108,20.

0111 701, 22. Verucloetius 250,17.
(l. Valerius Flaccus 285, 21. 01111111 277, 18. 278, 5.
011111111111111,1..111111,1111,111 Vespillo. V id. Lucretius.

punctos· Asinsu 1511111111 501, 21. P. Vestsius 000, 2125.

1.. 01111111 01111111111 323,2. 01111111 513,12.11.10.

G. 011111110151111235,23.113,11. Vibius Curius 500, 2.3. 171, 3.

C. anenius 01111111111113, 11. Vibo 510,20.011, 1.

(2. 01111111 Procillus 207, 10. 285, 1.. Vibullius 111111 501, 17. 10. 505,

mussas. 5. 511, 15. 513, 8. sss, 1.27. 511,20.
01111111500,7.11.21. 572, 27. 515, 13. 773, 30. 32.

01111111 1111111111 730, 23. 011111 751, 13.

. 0111111111123,21. 01111111510,21.020,1.

Δ.011[1111721,15. 011111111,1.
Valgius 155, 23. Vinicianus. Vs'cl. Coelius.
Vangiones 283, 7. Viridomarus 127,18. 128,12. 120,
11. 01111. Vns. Terentius. 5135, 1.131,1.111,11.111,10.
. . r .
· 5113111111. ..n 1111111111ς111111. 1.
01111. 7111111, Attius, Quinti· 710,3.7211,2.13.721,5.

line. Vnelli 310,1. 317, 15. 321 ,1. 150,
Τ. 011111552, 1. 15.
0011111111181,8.513,12.20.011, 0111111321,15.325,20.

21.515,8.517,21.018,15.1830510, Vocontii 201,15.

1027. 550, tntis, 17. 758, 11. 0115128012.

0111111111 518,27.311. 510, 0. 011111 Arecomici 110, 2. 113 , 5.
ν111111,1.111,11.111,11.11111, 512,10 ; Tectosages 305,1.

11. 331, 15. 338, 0.20.380,15.22.23. Volentins Tullus poten 711, 21.

387, 3. 307, 3. 8. C. Volcatius Tullnsstls’ns 301, 12.
1711511721,20.722,22.728,20.731, 501,11.

11733. 15. 0111111111 728,23. C. Volusenus Quodn-utus 313,20.
Q. 01111111315,2.0. · 330, 13.310,2.311,12.101,1.171,15.
1711111ἰί 150, 5. 18. 188,5-10. 505, 0.

151711111111111111111,23.112,3.113, V'vmmissgli&mmmm
. osegus..‚ .
0111111111201,2ςο11111111111150, 01111 732, 25. 111, 22712, 5.

113 Vetlincnsses 155, 3. 011111111111120,11.12; 01111111-
0111111 315,17. 1711111310, 1. 111 733, 27.

315,2.1310,1.317,20.3·10,18.32Ι, 01111111328,2.330,8.3358338,

3. 25. 1711111111 322,1.330,17. 111111.

Ventipo 733, 18. Vssets 713, 5.
Venus 750,21. 01111 510,1. 510,25. 550,7-11.
Veneni 311,2. 12. 312, 0. 27. 551, 0-11. 557, 25. 558,11.27.

 

