lNllliX

Ceto hosmundus. Coelius Vinicianus 664, 8.

6. 6616 743, 16. 66111666 643,3.24. 653,12.
Cutnlus 785,1. Q. Cominius 687,28.683, 8.
Caturiges 261, 13. Commagenus 585,4.
6616661666361,13.362,14.338,13. Commius Atrebas 333,23. 343,14.
6666111166 445,12. 34626. 363, 15. 384,15. 4561813.
Csuarions 378,13.383,21. 451, 3. 454, l. 464, 11. 465, 8. 461, 26.
P. Cuueilius 737, 6. 473, 17. 474, 3-25. 481, 13-483, 4.
1.. 66111 peter 61 61161 713,16. 66661661 234, 3. 331,15.338,24.
661166 255, 2. Conetodnunus 467,17.

Celtiberia 513, 17. 523, 26. 66666 758, 3. 762, 11.

6111111166 438, 5. P. Considius 268,13.18.27.
Cenomani. Vid. Aulerci. C. Considius Longus 550‚1.sos,s.

’ Ceutrones 261, 13. 26. 667,3-11. 682,16.13. 687,18.

6616116668,23.682,26. Cer· 735,28.711,17.715,11.

61611661 683,1. 6. Considius 61166 713, 13.

4· Celsius 713,16. Conuictolitauis 423, 24. 424, 13.
Ceucunu mons 416, 8. 12 438, 3. 426,2Ι. 428,17. 4363. 437,8. 445,
Ceutrones 363,11. 11.

Chaldaei 753, 26. 6. Coponius 565, (6.577, 13.
Charisius 1141.6116416514,1.111,7.17.[518,17.]
Chersonesus 623, 2. 571, 7. 23. 534, 3. 616, 13.

Cherusci 387, (3.14. Corcyra nigm 568,13.

Cicero. Vid. Tullius. 6616656 517, 3. 5. 6. 548, 36. 15.
6111616564, 6. 12. 618,2.622,8.624, 65613. 651, 13. 23. 552, 22. 654,16.

ltus. 637,13. 638, 5. 643, 8. 658,24. 23. 655, 4. 14. 15. 657, 27. 718,15.

653,7.8. 6111666 616, 18. Ci- 713,2. 726,3.12.14. 721, 3.713,13.

116166616613, 23. 17 724,.1 736, 23. 24. 737, 5. 13. 18.
6161161166 27712. 786, 24. Cordubensis 654 12. 14.
6161511275,17.273,15.233,1.367, 65541323. 111,11.116,16.1116

21. 453, 2. 8. 6611161661 531 ,24 532, 3 13. 533,
6111411611.1111.561,11.21.111,11.111,16.
Cingetorix 7161111353, 16. 18. 351, 552. 7. 3. 554, 12. 568, 3. 774, 7.

3. 386, 2. 12. 386, 5. Corfiniensls 564, 16. 535, 14. 555, 21.
Cingetorix Britannus 363, 8. 66166116 61 Corneliani castre 556,
Cingulum 561, 3. 13 551, 8. 553, 12. 558, 15.

L. Cunus 7567 66166116 75316.

61116 677 26. Ρ. Cornelius 735 23.

61661ρί66 661116382,3.6ο11161166 1161166 463, iius. 574, 3.
L. 6161166638,15.18.766,36. 766, 13. 767, 16. 773, 22. 773, 26. 22.
Cisrhensnus 382, 21. 7744 2. 5. 24. 77,5 3. 783, 1. 787, 323.
6116. 1116116664. 78844.

61616166 788, 26. 6616611116 8611166 616617732526.
ΑΡ. Claudius 3481111. 776, 31.

61666166 Tuscus 758, 2. 66. 661661166361616116 (661166.
Cleopatranis, 1161411626111,81111113.111,1.15.11.111,1.

4. Cn. 66111611641161166116(ρ4·161. a.
Clodius Pulcher 466, iius. 575, 3. 81) 743, 12

775, 21. P. 6611611663616116116771, 16.

Α. 6116166533, 3. 21. 611, 21. 777, 6116611661161667483

28. (3.6616111616664615. 647,1.23.
6166166411611166 731, 2. 26. 643, 36. 778, 13.

Clupcs et Clnp ese 543, 22. 25. 666, Correus 8611466666464, 11. 465, 6.

5. 3. 471, 13. 472, 4. 11. 473, 3.14 25
6. Clusnnss 63325. 66166666166 352 21.

6666661116 32621. Coss 16 sgro Thurino 575,15.
11. 666116686166434,13.574,6.13. cosanum s'n Etruria 511, 18.

’ 28.575,17.748,18.22. L. (0.) 66116 743,25.

 

